CPLEX 12.7.0.0: threads=4
CPLEX 12.7.0.0: optimal integer solution within mipgap or absmipgap; objective 3646070
21209388 MIP simplex iterations
28704 branch-and-bound nodes
absmipgap = 39.1728, relmipgap = 1.07438e-05
No basis.

b [*,*] (tr)
:     1   2   3   4   5   6    :=
1     0   0   0   0   0   1
2     0   0   0   0   0   1
3     0   0   0   0   0   1
4     0   0   0   0   0   1
5     0   0   0   0   0   1
6     0   0   0   0   0   1
7     0   0   0   0   0   1
8     0   0   0   0   0   1
9     0   0   0   0   0   1
10    0   0   0   0   0   1
11    0   0   0   0   0   1
12    0   0   0   0   0   1
13    0   0   0   0   0   1
14    0   0   0   0   0   1
15    0   0   0   0   0   1
16    0   0   0   0   0   1
17    0   0   0   0   0   1
18    0   0   0   0   0   1
19    0   0   0   0   0   1
20    0   0   0   0   0   1
21    0   0   0   0   0   1
22    0   0   0   0   0   1
23    0   0   0   0   0   1
24    0   0   0   0   0   1
25    0   0   0   0   0   1
26    0   0   0   0   0   1
27    0   0   0   0   0   1
28    0   0   0   0   0   1
29    0   0   0   0   0   1
30    0   0   0   0   0   1
31    0   0   0   0   0   1
32    0   0   0   0   0   1
33    0   0   0   0   0   1
34    0   0   0   0   0   1
35    0   0   0   0   0   1
36    0   0   0   0   0   1
37    0   0   0   0   0   1
38    0   0   0   0   0   1
39    0   0   0   0   0   1
40    0   0   0   0   0   1
41    0   0   0   0   0   1
42    0   0   0   0   0   1
43    0   0   0   0   0   1
44    0   0   0   0   0   1
45    0   0   0   0   0   1
46    0   0   0   0   0   1
47    0   0   0   0   0   1
48    0   0   0   0   0   1
49    0   0   0   0   0   1
50    0   0   0   0   0   1
51    0   0   0   0   0   1
52    0   0   0   0   0   1
53    0   0   0   0   0   1
54    0   0   0   0   0   1
55    0   0   0   0   0   1
56    0   0   0   0   0   1
57    0   0   0   0   0   1
58    0   0   0   0   0   1
59    0   0   0   0   0   1
60    0   0   0   0   0   1
61    0   0   0   0   0   1
62    0   0   0   0   0   1
63    0   0   0   0   0   1
64    0   0   0   0   0   1
65    0   0   0   0   0   1
66    0   0   0   0   0   1
67    0   0   0   0   0   1
68    0   0   0   0   0   1
69    0   0   0   0   0   1
70    0   0   0   0   0   1
71    0   0   0   0   0   1
72    0   0   0   0   0   1
73    0   0   0   0   0   1
74    0   0   0   0   0   1
75    0   0   0   0   0   1
76    0   0   0   0   0   1
77    0   0   0   0   0   1
78    0   0   0   0   0   1
79    0   0   0   0   0   1
80    0   0   0   0   0   1
81    0   0   0   0   0   1
82    0   0   0   0   0   1
83    0   0   0   0   0   1
84    0   0   0   0   0   1
85    0   0   0   0   0   1
86    0   0   0   0   0   1
87    0   0   0   0   0   1
88    0   0   0   0   0   1
89    0   0   0   0   0   1
90    0   0   0   0   0   1
91    0   0   0   0   0   1
92    0   0   0   0   0   1
93    0   0   0   0   0   1
94    0   0   0   0   0   1
95    0   0   0   0   0   1
96    0   0   0   0   0   1
97    0   0   0   0   0   1
98    0   0   0   0   0   1
99    0   0   0   0   0   1
100   0   0   0   0   0   1
101   0   0   0   0   0   1
102   0   0   0   0   0   1
103   0   0   0   0   0   1
104   0   0   0   0   0   1
105   0   0   0   0   0   1
106   0   0   0   0   0   1
107   0   0   0   0   0   1
108   0   0   0   0   0   1
109   0   0   0   0   0   1
110   0   0   0   0   0   1
111   0   0   0   0   0   1
112   0   0   0   0   0   1
113   0   0   0   0   0   1
114   0   0   0   0   0   1
115   0   0   0   0   0   1
116   0   0   0   0   0   1
117   0   0   0   0   0   1
118   0   0   0   0   0   1
119   0   0   0   0   0   1
120   0   0   0   0   0   1
121   0   0   0   0   0   1
122   0   0   0   0   0   1
123   0   0   0   0   0   1
124   0   0   0   0   0   1
125   0   0   0   0   0   1
126   0   0   0   0   0   1
127   0   0   0   0   0   1
128   0   0   0   0   0   1
129   0   0   0   0   0   1
130   0   0   0   0   0   1
131   0   0   0   0   0   1
132   0   0   0   0   0   1
133   0   0   0   0   0   1
134   0   0   0   0   0   1
135   0   0   0   0   0   1
136   0   0   0   0   0   1
137   0   0   0   0   0   1
138   0   0   0   0   0   1
139   0   0   0   0   0   1
140   0   0   0   0   0   1
141   0   0   0   0   0   1
142   0   0   0   0   0   1
143   0   0   0   0   0   1
144   0   0   0   0   0   1
145   0   0   0   0   0   1
146   0   0   0   0   0   1
147   0   0   0   0   0   1
148   0   0   0   0   0   1
149   0   0   0   0   0   1
150   0   0   0   0   0   1
151   0   0   0   0   0   1
152   0   0   0   0   0   1
153   0   0   0   0   0   1
154   0   0   0   0   0   1
155   0   0   0   0   0   1
156   0   0   0   0   0   1
157   0   0   0   0   0   1
158   0   0   0   0   0   1
159   0   0   0   0   0   1
160   0   0   0   0   0   1
161   0   0   0   0   1   0
162   0   0   0   0   1   0
163   0   0   0   0   1   0
164   0   0   0   0   1   0
165   0   0   0   0   1   0
166   0   0   0   0   1   0
167   0   0   0   0   1   0
168   0   0   0   0   1   0
169   0   0   0   0   1   0
170   0   0   0   0   1   0
171   0   0   0   0   1   0
172   0   0   0   0   1   0
173   0   0   0   0   1   0
174   0   0   0   0   1   0
175   0   0   0   0   1   0
176   0   0   0   0   1   0
177   0   0   0   0   1   0
178   0   0   0   0   1   0
179   0   0   0   0   1   0
180   0   0   0   0   1   0
181   0   0   0   0   1   0
182   0   0   0   0   1   0
183   0   0   0   0   1   0
184   0   0   0   0   1   0
185   0   0   0   0   1   0
186   0   0   0   0   1   0
187   0   0   0   0   1   0
188   0   0   0   0   1   0
189   0   0   0   0   1   0
190   0   0   0   0   1   0
191   0   0   0   0   1   0
192   0   0   0   0   1   0
193   0   0   0   0   1   0
194   0   0   0   0   1   0
195   0   0   0   0   1   0
196   0   0   0   0   1   0
197   0   0   0   0   1   0
198   0   0   0   1   0   0
199   0   0   0   1   0   0
200   0   0   0   1   0   0
201   0   0   0   1   0   0
202   0   0   0   1   0   0
203   0   0   0   1   0   0
204   0   0   0   1   0   0
205   0   0   0   1   0   0
206   0   0   0   1   0   0
207   0   0   0   1   0   0
208   0   0   0   1   0   0
209   0   0   0   1   0   0
210   0   0   0   1   0   0
211   0   0   0   1   0   0
212   0   0   0   1   0   0
213   0   0   0   1   0   0
214   0   0   0   1   0   0
215   0   0   0   1   0   0
216   0   0   1   0   0   0
217   0   0   1   0   0   0
218   0   0   1   0   0   0
219   0   0   1   0   0   0
220   0   0   1   0   0   0
221   0   0   1   0   0   0
222   0   0   1   0   0   0
223   0   0   1   0   0   0
224   0   0   1   0   0   0
225   0   0   1   0   0   0
226   0   0   1   0   0   0
227   0   0   1   0   0   0
228   0   0   1   0   0   0
229   0   0   1   0   0   0
230   0   0   1   0   0   0
231   0   0   1   0   0   0
232   0   0   1   0   0   0
233   0   0   1   0   0   0
234   0   0   1   0   0   0
235   0   0   1   0   0   0
236   0   0   1   0   0   0
237   0   0   1   0   0   0
238   0   0   1   0   0   0
239   0   0   1   0   0   0
240   0   0   1   0   0   0
241   0   0   1   0   0   0
242   0   0   1   0   0   0
243   0   0   1   0   0   0
244   0   0   1   0   0   0
245   0   0   1   0   0   0
246   0   0   1   0   0   0
247   0   0   1   0   0   0
248   0   0   1   0   0   0
249   0   0   1   0   0   0
250   0   0   1   0   0   0
251   0   0   1   0   0   0
252   0   0   1   0   0   0
253   0   0   1   0   0   0
254   0   0   1   0   0   0
255   0   0   1   0   0   0
256   0   0   1   0   0   0
257   0   0   1   0   0   0
258   0   0   1   0   0   0
259   0   0   1   0   0   0
260   0   1   0   0   0   0
261   0   1   0   0   0   0
262   0   1   0   0   0   0
263   0   1   0   0   0   0
264   0   1   0   0   0   0
265   0   1   0   0   0   0
266   0   1   0   0   0   0
267   0   1   0   0   0   0
268   0   1   0   0   0   0
269   0   1   0   0   0   0
270   0   1   0   0   0   0
271   0   1   0   0   0   0
272   0   1   0   0   0   0
273   0   1   0   0   0   0
274   0   1   0   0   0   0
275   0   1   0   0   0   0
276   0   1   0   0   0   0
277   0   1   0   0   0   0
278   0   1   0   0   0   0
279   0   1   0   0   0   0
280   0   1   0   0   0   0
281   0   1   0   0   0   0
282   0   1   0   0   0   0
283   0   1   0   0   0   0
284   0   1   0   0   0   0
285   0   1   0   0   0   0
286   0   1   0   0   0   0
287   0   1   0   0   0   0
288   0   1   0   0   0   0
289   0   1   0   0   0   0
290   0   1   0   0   0   0
291   0   1   0   0   0   0
292   0   1   0   0   0   0
293   0   1   0   0   0   0
294   0   1   0   0   0   0
295   0   1   0   0   0   0
296   0   1   0   0   0   0
297   0   1   0   0   0   0
298   0   1   0   0   0   0
299   0   1   0   0   0   0
300   0   1   0   0   0   0
301   0   1   0   0   0   0
302   0   1   0   0   0   0
303   0   1   0   0   0   0
304   0   1   0   0   0   0
305   0   1   0   0   0   0
306   0   1   0   0   0   0
307   0   1   0   0   0   0
308   0   1   0   0   0   0
309   0   1   0   0   0   0
310   0   1   0   0   0   0
311   0   1   0   0   0   0
312   0   1   0   0   0   0
313   0   1   0   0   0   0
314   0   1   0   0   0   0
315   0   1   0   0   0   0
316   0   1   0   0   0   0
317   0   1   0   0   0   0
318   0   1   0   0   0   0
319   0   1   0   0   0   0
320   0   1   0   0   0   0
321   0   1   0   0   0   0
322   0   1   0   0   0   0
323   0   1   0   0   0   0
324   0   1   0   0   0   0
325   0   1   0   0   0   0
326   0   1   0   0   0   0
327   0   1   0   0   0   0
328   0   1   0   0   0   0
329   0   1   0   0   0   0
330   0   1   0   0   0   0
331   0   1   0   0   0   0
332   0   1   0   0   0   0
333   0   1   0   0   0   0
334   0   1   0   0   0   0
335   0   1   0   0   0   0
336   0   1   0   0   0   0
337   0   1   0   0   0   0
338   0   1   0   0   0   0
339   0   1   0   0   0   0
340   0   1   0   0   0   0
341   0   1   0   0   0   0
342   0   1   0   0   0   0
343   0   1   0   0   0   0
344   0   1   0   0   0   0
345   0   1   0   0   0   0
346   0   1   0   0   0   0
347   0   1   0   0   0   0
348   0   1   0   0   0   0
349   0   1   0   0   0   0
350   0   1   0   0   0   0
351   0   1   0   0   0   0
352   0   1   0   0   0   0
353   0   1   0   0   0   0
354   0   1   0   0   0   0
355   0   1   0   0   0   0
356   0   1   0   0   0   0
357   0   1   0   0   0   0
358   0   1   0   0   0   0
359   0   1   0   0   0   0
360   0   1   0   0   0   0
361   0   1   0   0   0   0
362   0   1   0   0   0   0
363   0   1   0   0   0   0
364   0   1   0   0   0   0
365   0   1   0   0   0   0
366   0   1   0   0   0   0
367   0   1   0   0   0   0
368   0   1   0   0   0   0
369   0   1   0   0   0   0
370   0   1   0   0   0   0
371   0   1   0   0   0   0
372   0   1   0   0   0   0
373   0   1   0   0   0   0
374   0   1   0   0   0   0
375   0   1   0   0   0   0
376   0   1   0   0   0   0
377   0   1   0   0   0   0
378   0   1   0   0   0   0
379   0   1   0   0   0   0
380   0   1   0   0   0   0
381   0   1   0   0   0   0
382   0   1   0   0   0   0
383   0   1   0   0   0   0
384   0   1   0   0   0   0
385   0   1   0   0   0   0
386   0   1   0   0   0   0
387   0   1   0   0   0   0
388   0   1   0   0   0   0
389   0   1   0   0   0   0
390   0   1   0   0   0   0
391   0   1   0   0   0   0
392   0   1   0   0   0   0
393   0   1   0   0   0   0
394   0   1   0   0   0   0
395   0   1   0   0   0   0
396   0   1   0   0   0   0
397   0   1   0   0   0   0
398   0   1   0   0   0   0
399   0   1   0   0   0   0
400   0   1   0   0   0   0
401   0   1   0   0   0   0
402   0   1   0   0   0   0
403   0   1   0   0   0   0
404   0   1   0   0   0   0
405   0   1   0   0   0   0
406   0   1   0   0   0   0
407   0   1   0   0   0   0
408   0   1   0   0   0   0
409   0   1   0   0   0   0
410   0   1   0   0   0   0
411   0   1   0   0   0   0
412   0   1   0   0   0   0
413   0   1   0   0   0   0
414   0   1   0   0   0   0
415   0   1   0   0   0   0
416   0   1   0   0   0   0
417   0   1   0   0   0   0
418   0   1   0   0   0   0
419   0   1   0   0   0   0
420   0   1   0   0   0   0
421   0   1   0   0   0   0
422   0   1   0   0   0   0
423   0   1   0   0   0   0
424   0   1   0   0   0   0
425   0   1   0   0   0   0
426   0   1   0   0   0   0
427   0   1   0   0   0   0
428   0   1   0   0   0   0
429   0   1   0   0   0   0
430   0   1   0   0   0   0
431   0   1   0   0   0   0
432   0   1   0   0   0   0
433   0   1   0   0   0   0
434   0   1   0   0   0   0
435   0   1   0   0   0   0
436   0   1   0   0   0   0
437   0   1   0   0   0   0
438   0   1   0   0   0   0
439   0   1   0   0   0   0
440   0   1   0   0   0   0
441   0   1   0   0   0   0
442   0   1   0   0   0   0
443   0   1   0   0   0   0
444   0   1   0   0   0   0
445   0   1   0   0   0   0
446   0   1   0   0   0   0
447   0   1   0   0   0   0
448   0   1   0   0   0   0
449   0   1   0   0   0   0
450   0   1   0   0   0   0
451   0   1   0   0   0   0
452   0   1   0   0   0   0
453   0   1   0   0   0   0
454   0   1   0   0   0   0
455   0   1   0   0   0   0
456   0   1   0   0   0   0
457   0   1   0   0   0   0
458   0   1   0   0   0   0
459   0   1   0   0   0   0
460   0   1   0   0   0   0
461   0   1   0   0   0   0
462   0   1   0   0   0   0
463   0   1   0   0   0   0
464   0   1   0   0   0   0
465   0   1   0   0   0   0
466   0   1   0   0   0   0
467   0   1   0   0   0   0
468   0   1   0   0   0   0
469   0   1   0   0   0   0
470   0   1   0   0   0   0
471   0   1   0   0   0   0
472   0   1   0   0   0   0
473   0   1   0   0   0   0
474   0   1   0   0   0   0
475   0   1   0   0   0   0
476   0   1   0   0   0   0
477   0   1   0   0   0   0
478   0   1   0   0   0   0
479   0   1   0   0   0   0
480   0   1   0   0   0   0
481   0   1   0   0   0   0
482   0   1   0   0   0   0
483   0   1   0   0   0   0
484   0   1   0   0   0   0
485   0   1   0   0   0   0
486   0   1   0   0   0   0
487   0   1   0   0   0   0
488   0   1   0   0   0   0
489   0   1   0   0   0   0
490   0   1   0   0   0   0
491   0   1   0   0   0   0
492   0   1   0   0   0   0
493   0   1   0   0   0   0
494   0   1   0   0   0   0
495   0   1   0   0   0   0
496   0   1   0   0   0   0
497   0   1   0   0   0   0
498   0   1   0   0   0   0
499   0   1   0   0   0   0
500   0   1   0   0   0   0
501   0   1   0   0   0   0
502   0   1   0   0   0   0
503   0   1   0   0   0   0
504   0   1   0   0   0   0
505   0   1   0   0   0   0
506   0   1   0   0   0   0
507   0   1   0   0   0   0
508   0   1   0   0   0   0
509   0   1   0   0   0   0
510   0   1   0   0   0   0
511   0   1   0   0   0   0
512   0   1   0   0   0   0
513   0   1   0   0   0   0
514   0   1   0   0   0   0
515   0   1   0   0   0   0
516   0   1   0   0   0   0
517   0   1   0   0   0   0
518   0   1   0   0   0   0
519   0   1   0   0   0   0
520   0   1   0   0   0   0
521   0   1   0   0   0   0
522   0   1   0   0   0   0
523   0   1   0   0   0   0
524   0   1   0   0   0   0
525   0   1   0   0   0   0
526   0   1   0   0   0   0
527   0   1   0   0   0   0
528   0   1   0   0   0   0
529   0   1   0   0   0   0
530   0   1   0   0   0   0
531   0   1   0   0   0   0
532   0   1   0   0   0   0
533   0   1   0   0   0   0
534   0   1   0   0   0   0
535   0   1   0   0   0   0
536   0   1   0   0   0   0
537   0   1   0   0   0   0
538   0   1   0   0   0   0
539   0   1   0   0   0   0
540   0   1   0   0   0   0
541   0   1   0   0   0   0
542   0   1   0   0   0   0
543   0   1   0   0   0   0
544   0   1   0   0   0   0
545   0   1   0   0   0   0
546   0   1   0   0   0   0
547   0   1   0   0   0   0
548   0   1   0   0   0   0
549   0   1   0   0   0   0
550   0   1   0   0   0   0
551   0   1   0   0   0   0
552   0   1   0   0   0   0
553   0   1   0   0   0   0
554   0   1   0   0   0   0
555   0   1   0   0   0   0
556   0   1   0   0   0   0
557   0   1   0   0   0   0
558   0   1   0   0   0   0
559   0   1   0   0   0   0
560   0   1   0   0   0   0
561   0   1   0   0   0   0
562   0   1   0   0   0   0
563   0   1   0   0   0   0
564   0   1   0   0   0   0
565   0   1   0   0   0   0
566   0   1   0   0   0   0
567   0   1   0   0   0   0
568   0   1   0   0   0   0
569   0   1   0   0   0   0
570   0   1   0   0   0   0
571   0   1   0   0   0   0
572   0   1   0   0   0   0
573   0   1   0   0   0   0
574   0   1   0   0   0   0
575   0   1   0   0   0   0
576   0   1   0   0   0   0
577   0   1   0   0   0   0
578   0   1   0   0   0   0
579   1   0   0   0   0   0
580   1   0   0   0   0   0
581   1   0   0   0   0   0
582   1   0   0   0   0   0
583   1   0   0   0   0   0
584   1   0   0   0   0   0
585   1   0   0   0   0   0
586   1   0   0   0   0   0
587   1   0   0   0   0   0
588   1   0   0   0   0   0
589   1   0   0   0   0   0
590   1   0   0   0   0   0
591   1   0   0   0   0   0
592   1   0   0   0   0   0
593   1   0   0   0   0   0
594   1   0   0   0   0   0
595   1   0   0   0   0   0
596   1   0   0   0   0   0
597   1   0   0   0   0   0
598   1   0   0   0   0   0
599   1   0   0   0   0   0
600   1   0   0   0   0   0
601   1   0   0   0   0   0
602   1   0   0   0   0   0
603   1   0   0   0   0   0
604   1   0   0   0   0   0
605   1   0   0   0   0   0
606   1   0   0   0   0   0
607   1   0   0   0   0   0
608   1   0   0   0   0   0
609   1   0   0   0   0   0
610   1   0   0   0   0   0
611   1   0   0   0   0   0
612   1   0   0   0   0   0
613   1   0   0   0   0   0
614   1   0   0   0   0   0
615   1   0   0   0   0   0
616   1   0   0   0   0   0
617   1   0   0   0   0   0
618   1   0   0   0   0   0
619   1   0   0   0   0   0
620   1   0   0   0   0   0
621   1   0   0   0   0   0
622   1   0   0   0   0   0
623   1   0   0   0   0   0
624   1   0   0   0   0   0
625   1   0   0   0   0   0
626   1   0   0   0   0   0
627   1   0   0   0   0   0
628   1   0   0   0   0   0
629   1   0   0   0   0   0
630   1   0   0   0   0   0
631   1   0   0   0   0   0
632   1   0   0   0   0   0
633   1   0   0   0   0   0
634   1   0   0   0   0   0
635   1   0   0   0   0   0
636   1   0   0   0   0   0
637   1   0   0   0   0   0
638   1   0   0   0   0   0
639   1   0   0   0   0   0
640   1   0   0   0   0   0
641   1   0   0   0   0   0
642   1   0   0   0   0   0
643   1   0   0   0   0   0
644   1   0   0   0   0   0
645   1   0   0   0   0   0
646   1   0   0   0   0   0
647   1   0   0   0   0   0
648   1   0   0   0   0   0
649   1   0   0   0   0   0
650   1   0   0   0   0   0
651   1   0   0   0   0   0
652   1   0   0   0   0   0
653   1   0   0   0   0   0
654   1   0   0   0   0   0
655   1   0   0   0   0   0
656   1   0   0   0   0   0
657   1   0   0   0   0   0
658   1   0   0   0   0   0
659   1   0   0   0   0   0
660   1   0   0   0   0   0
661   1   0   0   0   0   0
662   1   0   0   0   0   0
663   1   0   0   0   0   0
664   1   0   0   0   0   0
665   1   0   0   0   0   0
666   1   0   0   0   0   0
667   1   0   0   0   0   0
668   1   0   0   0   0   0
669   1   0   0   0   0   0
670   1   0   0   0   0   0
671   1   0   0   0   0   0
672   1   0   0   0   0   0
673   1   0   0   0   0   0
674   1   0   0   0   0   0
675   1   0   0   0   0   0
676   1   0   0   0   0   0
677   1   0   0   0   0   0
678   1   0   0   0   0   0
679   1   0   0   0   0   0
680   1   0   0   0   0   0
681   1   0   0   0   0   0
682   1   0   0   0   0   0
683   1   0   0   0   0   0
684   1   0   0   0   0   0
685   1   0   0   0   0   0
686   1   0   0   0   0   0
687   1   0   0   0   0   0
688   1   0   0   0   0   0
689   1   0   0   0   0   0
690   1   0   0   0   0   0
;

n [*] :=
1  3171390
2  5623450
3  2968570
4   301259
5  1940870
6  3407340
;