CPLEX 12.7.0.0: threads=4
CPLEX 12.7.0.0: optimal integer solution within mipgap or absmipgap; objective 2290872
262980 MIP simplex iterations
5166 branch-and-bound nodes
absmipgap = 91.1651, relmipgap = 3.97949e-05
No basis.
b [*,*] (tr)
:     1   2   3   4    :=
1     0   0   0   1
2     0   0   0   1
3     0   0   0   1
4     0   0   0   1
5     0   0   0   1
6     0   0   0   1
7     0   0   0   1
8     0   0   0   1
9     0   0   0   1
10    0   0   0   1
11    0   0   0   1
12    0   0   0   1
13    0   0   0   1
14    0   0   0   1
15    0   0   0   1
16    0   0   0   1
17    0   0   0   1
18    0   0   0   1
19    0   0   0   1
20    0   0   0   1
21    0   0   0   1
22    0   0   0   1
23    0   0   0   1
24    0   0   0   1
25    0   0   0   1
26    0   0   0   1
27    0   0   0   1
28    0   0   0   1
29    0   0   0   1
30    0   0   0   1
31    0   0   0   1
32    0   0   0   1
33    0   0   0   1
34    0   0   0   1
35    0   0   0   1
36    0   0   0   1
37    0   0   0   1
38    0   0   0   1
39    0   0   0   1
40    0   0   0   1
41    0   0   0   1
42    0   0   0   1
43    0   0   0   1
44    0   0   0   1
45    0   0   0   1
46    0   0   0   1
47    0   0   0   1
48    0   0   0   1
49    0   0   0   1
50    0   0   0   1
51    0   0   0   1
52    0   0   0   1
53    0   0   0   1
54    0   0   0   1
55    0   0   0   1
56    0   0   0   1
57    0   0   0   1
58    0   0   0   1
59    0   0   0   1
60    0   0   0   1
61    0   0   0   1
62    0   0   0   1
63    0   0   0   1
64    0   0   0   1
65    0   0   0   1
66    0   0   0   1
67    0   0   0   1
68    0   0   0   1
69    0   0   0   1
70    0   0   0   1
71    0   0   0   1
72    0   0   0   1
73    0   0   0   1
74    0   0   0   1
75    0   0   0   1
76    0   0   0   1
77    0   0   0   1
78    0   0   0   1
79    0   0   0   1
80    0   0   0   1
81    0   0   0   1
82    0   0   0   1
83    0   0   0   1
84    0   0   0   1
85    0   0   0   1
86    0   0   0   1
87    0   0   0   1
88    0   0   0   1
89    0   0   0   1
90    0   0   0   1
91    0   0   0   1
92    0   0   0   1
93    0   0   0   1
94    0   0   0   1
95    0   0   0   1
96    0   0   0   1
97    0   0   0   1
98    0   0   0   1
99    0   0   0   1
100   0   0   0   1
101   0   0   0   1
102   0   0   0   1
103   0   0   0   1
104   0   0   0   1
105   0   0   0   1
106   0   0   0   1
107   0   0   0   1
108   0   0   0   1
109   0   0   0   1
110   0   0   0   1
111   0   0   0   1
112   0   0   0   1
113   0   0   0   1
114   0   0   0   1
115   0   0   0   1
116   0   0   0   1
117   0   0   0   1
118   0   0   0   1
119   0   0   0   1
120   0   0   0   1
121   0   0   0   1
122   0   0   0   1
123   0   0   0   1
124   0   0   0   1
125   0   0   0   1
126   0   0   0   1
127   0   0   0   1
128   0   0   0   1
129   0   0   0   1
130   0   0   0   1
131   0   0   0   1
132   0   0   0   1
133   0   0   0   1
134   0   0   0   1
135   0   0   0   1
136   0   0   0   1
137   0   0   0   1
138   0   0   0   1
139   0   0   0   1
140   0   0   0   1
141   0   0   0   1
142   0   0   0   1
143   0   0   0   1
144   0   0   0   1
145   0   0   0   1
146   0   0   0   1
147   0   0   0   1
148   0   0   0   1
149   0   0   0   1
150   0   0   0   1
151   0   0   0   1
152   0   0   0   1
153   0   0   0   1
154   0   0   0   1
155   0   0   0   1
156   0   0   0   1
157   0   0   0   1
158   0   0   0   1
159   0   0   0   1
160   0   0   0   1
161   0   0   0   1
162   0   0   0   1
163   0   0   0   1
164   0   0   0   1
165   0   0   0   1
166   0   0   0   1
167   0   0   0   1
168   0   0   0   1
169   0   0   0   1
170   0   0   0   1
171   0   0   0   1
172   0   0   0   1
173   0   0   0   1
174   0   0   0   1
175   0   0   0   1
176   0   0   0   1
177   0   0   0   1
178   0   0   0   1
179   0   0   0   1
180   0   0   0   1
181   0   0   0   1
182   0   0   0   1
183   0   0   0   1
184   0   0   0   1
185   0   0   0   1
186   0   0   0   1
187   0   0   0   1
188   0   0   0   1
189   0   0   0   1
190   0   0   0   1
191   0   0   0   1
192   0   0   0   1
193   0   0   0   1
194   0   0   0   1
195   0   0   0   1
196   0   0   0   1
197   0   0   0   1
198   0   0   0   1
199   0   0   0   1
200   0   0   0   1
201   0   0   0   1
202   0   0   0   1
203   0   0   0   1
204   0   0   0   1
205   0   0   0   1
206   0   0   0   1
207   0   0   0   1
208   0   0   0   1
209   0   0   0   1
210   0   0   0   1
211   0   0   0   1
212   0   0   0   1
213   0   0   0   1
214   0   0   0   1
215   0   0   0   1
216   0   0   0   1
217   0   0   0   1
218   0   0   0   1
219   0   0   1   0
220   0   0   1   0
221   0   0   1   0
222   0   0   1   0
223   0   0   1   0
224   0   0   1   0
225   0   0   1   0
226   0   1   0   0
227   0   1   0   0
228   0   1   0   0
229   0   1   0   0
230   0   1   0   0
231   0   1   0   0
232   0   1   0   0
233   0   1   0   0
234   0   1   0   0
235   0   1   0   0
236   0   1   0   0
237   0   1   0   0
238   0   1   0   0
239   0   1   0   0
240   0   1   0   0
241   0   1   0   0
242   0   1   0   0
243   0   1   0   0
244   0   1   0   0
245   0   1   0   0
246   0   1   0   0
247   0   1   0   0
248   0   1   0   0
249   0   1   0   0
250   0   1   0   0
251   0   1   0   0
252   0   1   0   0
253   0   1   0   0
254   0   1   0   0
255   0   1   0   0
256   0   1   0   0
257   0   1   0   0
258   0   1   0   0
259   0   1   0   0
260   0   1   0   0
261   0   1   0   0
262   0   1   0   0
263   0   1   0   0
264   0   1   0   0
265   0   1   0   0
266   0   1   0   0
267   0   1   0   0
268   0   1   0   0
269   0   1   0   0
270   0   1   0   0
271   0   1   0   0
272   0   1   0   0
273   0   1   0   0
274   0   1   0   0
275   0   1   0   0
276   0   1   0   0
277   0   1   0   0
278   0   1   0   0
279   0   1   0   0
280   0   1   0   0
281   0   1   0   0
282   0   1   0   0
283   0   1   0   0
284   0   1   0   0
285   0   1   0   0
286   0   1   0   0
287   0   1   0   0
288   0   1   0   0
289   0   1   0   0
290   0   1   0   0
291   0   1   0   0
292   0   1   0   0
293   0   1   0   0
294   0   1   0   0
295   0   1   0   0
296   0   1   0   0
297   0   1   0   0
298   0   1   0   0
299   0   1   0   0
300   0   1   0   0
301   0   1   0   0
302   0   1   0   0
303   0   1   0   0
304   0   1   0   0
305   0   1   0   0
306   0   1   0   0
307   0   1   0   0
308   0   1   0   0
309   0   1   0   0
310   0   1   0   0
311   0   1   0   0
312   0   1   0   0
313   0   1   0   0
314   0   1   0   0
315   0   1   0   0
316   0   1   0   0
317   0   1   0   0
318   1   0   0   0
319   1   0   0   0
320   1   0   0   0
321   1   0   0   0
322   1   0   0   0
323   1   0   0   0
324   1   0   0   0
325   1   0   0   0
326   1   0   0   0
327   1   0   0   0
328   1   0   0   0
329   1   0   0   0
330   1   0   0   0
331   1   0   0   0
332   1   0   0   0
333   1   0   0   0
334   1   0   0   0
335   1   0   0   0
336   1   0   0   0
337   1   0   0   0
338   1   0   0   0
339   1   0   0   0
340   1   0   0   0
341   1   0   0   0
342   1   0   0   0
343   1   0   0   0
344   1   0   0   0
345   1   0   0   0
346   1   0   0   0
347   1   0   0   0
348   1   0   0   0
349   1   0   0   0
350   1   0   0   0
351   1   0   0   0
352   1   0   0   0
353   1   0   0   0
354   1   0   0   0
355   1   0   0   0
356   1   0   0   0
357   1   0   0   0
358   1   0   0   0
359   1   0   0   0
360   1   0   0   0
361   1   0   0   0
362   1   0   0   0
363   1   0   0   0
364   1   0   0   0
365   1   0   0   0
366   1   0   0   0
367   1   0   0   0
368   1   0   0   0
369   1   0   0   0
370   1   0   0   0
371   1   0   0   0
372   1   0   0   0
373   1   0   0   0
374   1   0   0   0
375   1   0   0   0
376   1   0   0   0
377   1   0   0   0
378   1   0   0   0
379   1   0   0   0
380   1   0   0   0
381   1   0   0   0
382   1   0   0   0
383   1   0   0   0
384   1   0   0   0
385   1   0   0   0
386   1   0   0   0
387   1   0   0   0
388   1   0   0   0
389   1   0   0   0
390   1   0   0   0
391   1   0   0   0
392   1   0   0   0
393   1   0   0   0
394   1   0   0   0
395   1   0   0   0
396   1   0   0   0
397   1   0   0   0
398   1   0   0   0
399   1   0   0   0
400   1   0   0   0
401   1   0   0   0
402   1   0   0   0
403   1   0   0   0
;

z [*] :=
1  0
2  1
3  1
4  0
;

n [*] :=
1  1891010
2  2537930
3   653302
4  4373660
;

w [*] :=
1   663358
2     3796
3      194
4  1623520
;